
Общий принцип распределения игроков.
При 7 игроках 12 игр. 1-2 по 11 игр. 3-7 по 10.
	1. Приоритет - обеспечить равномер первым 4 сильным. Когда сильный вне игры, его заменяет 5.
Получаем следуюшие комбинации (в скобках отдыхает). Столбик, это пара.
        (7)      (6)     (5)     (3)     (4)     (2)     (1)     (3)     (4)     (5)     (6)     (7)
	1 3      1 2     1 2     1 4     1 2     1 3     2 3     1 2     1 2     1 3     1 2     1 2
	2 4      3 4     4 3     2 5     3 5     4 5     5 4     5 4     5 3     2 4     3 4     4 3
В результате количество игр в паре
	1,2 - 3      
	1,3 - 3    2,3 - 3
	1,4 - 3    2,4 - 3    3,4 - 3
	1,5 - 2    2,5 - 2    3,5 - 1    4,5 - 1
Осталось подставить 5 6 и 7. В приоритете пары 1,2 1,3 и 2,3. Остальные могут повторяться.
	 (7)      (6)     (5)     (3)     (4)     (2)     (1)     (3)     (4)     (5)     (6)     (7)
	1 3      1 2     1 2     1 4     1 2     1 3     2 3     1 2     1 2     1 3     1 2     1 2
	2 4      3 4     4 3     2 5     3 5     4 5     5 4     5 4     5 3     2 4     3 4     4 3
    5 6      7 5     7 6     7 6     6 7     6 7     6 7     7 6     6 7     6 7     5 7     6 5
	 1        1       1       1       1                               1       1       1       1
тройка 1,4,6 и 3,4,7 повторились.

Формула расчета изменения рейтинга. Победа с разницей в 2 мяча - 3 очка, в 1 мяч -2 очка, ничья 1 очко, поражение 0.
	
	
	





  
				