
Общий принцип распределения игроков.
При 8 игроках 12 игр. 1-8 по 9 игр. 
	1. Приоритет - обеспечить равномер первым 4-6 сильным. 
Получаем следуюшие комбинации (в скобках отдыхает). Столбик, это пара.
       (1,5)    (2,6)   (4,8)   (3,7)   (1,6)   (2,5)   (3,4)   (7,8)   (1,3)   (2,4)   (5,7)   (6,8)
	2 3      1 3     1 2     1 4     2 3     1 3     1 2     1 2     2 4     1 3     1 2     1 2
	6 4      4 5     5 3     2 5     5 4     4 6     5 6     3 4     5 6     6 5     3 4     4 3
В результате количество игр в паре
	1,2 - 1      
	1,3 - 2    2,3 - 2
	1,4 - 3    2,4 - 2    3,4 - 2
	1,5 - 2    2,5 - 2    3,5 - 2    4,5 - 1
        1,6 - 1    2,6 - 2    3,6 - 1    4,6 - 1
Осталось подставить 5 6 и 7. В приоритете пары 1,2 1,3 и 2,3. Остальные могут повторяться.
       (1,5)    (2,6)   (4,8)   (3,7)   (1,6)   (2,5)   (3,4)   (7,8)   (1,3)   (2,4)   (5,7)   (6,8)
	2 3      1 3     1 2     1 4     2 3     1 3     1 2     1 2     2 4     1 3     1 2     1 2
	6 4      4 5     5 3     2 5     5 4     4 6     5 6     3 4     5 6     6 5     3 4     4 3
        8 7      7 8     7 6     8 6     7 8     8 7     8 7     6 5     8 7     8 7     8 6     5 7
Повторов нет.

Формула расчета изменения рейтинга. Победа с разницей в 2 мяча - 3 очка, в 1 мяч -2 очка, ничья 1 очко, поражение 0.



