
Общий принцип распределения игроков.
При 9 игроках 15 игр. 1-9 по 10 игр. 
	1. Приоритет - обеспечить равномер первым 4-6 сильным. 
Получаем следуюшие комбинации (в скобках отдыхает). Столбик, это пара.
      (1,4,7)  (2,5,6) (3,8,9) (2,4,6) (1,3,5) (7,8,9) (1,2,3) (4,6,8) (5,7,9) (1,2,4) (3,5,9) (6,7,8) (1,3,9) (2,4,8) (5,6,7)
	2 3      1 3     1 2     1 3     2 4     1 2     4 5     1 2     1 3     3 5     1 2     1 2     2 4     1 3     1 2
	6 5      7 4     5 4     7 5     7 6     4 3     7 6     3 5     2 4     7 6     6 4     4 3     5 6     5 6     4 3
В результате количество игр в паре
	1,2 - 1      
	1,3 - 1    2,3 - 3
	1,4 - 3    2,4 - 2    3,4 - 2
	1,5 - 2    2,5 - 2    3,5 - 2    4,5 - 0  
        1,6 - 1    2,6 - 1    3,6 - 1    4,6 - 2    5,6 - 2
        1,7 - 2    2,7 - 1    3,7 - 1    4,7 - 1    5,7 - 0
Осталось подставить 8 и 9. В приоритете пары 1,2 1,3 и 2,3. Остальные могут повторяться.
    (1,4,7)  (2,5,6) (3,8,9) (2,4,6) (1,3,5) (7,8,9) (1,2,3) (4,6,8) (5,7,9) (1,2,4) (3,5,9) (6,7,8) (1,3,9) (2,4,8) (5,6,7)
	2 3      1 3     1 2     1 3     2 4     1 2     4 5     1 2     1 3     3 5     1 2     1 2     2 4     1 3     1 2
	6 5      7 4     5 4     7 5     7 6     4 3     7 6     3 5     2 4     7 6     6 4     4 3     5 6     5 6     4 3
    8 9      8 9     6 7     9 8     9 8     5 6     8 9     7 9     8 6     9 8     7 8     9 5     8 7     9 7     8 9
Повторов нет.

Формула расчета изменения рейтинга. Победа с разницей в 2 мяча - 3 очка, в 1 мяч -2 очка, ничья 1 очко, поражение 0.
